# Extension with 8 servers/TL node of topology file "example/topologies/xpander/xpander_n100_d10.topology"

# Extended details
|V|=900
|E|=2598
AutoExtended=true
Servers=incl_range(100, 899)
Switches=set()
ToRs=set(0,1,2,3,4,5,6,7,8,9,10,11,12,13,14,15,16,17,18,19,20,21,22,23,24,25,26,27,28,29,30,31,32,33,34,35,36,37,38,39,40,41,42,43,44,45,46,47,48,49,50,51,52,53,54,55,56,57,58,59,60,61,62,63,64,65,66,67,68,69,70,71,72,73,74,75,76,77,78,79,80,81,82,83,84,85,86,87,88,89,90,91,92,93,94,95,96,97,98,99)
MetaNodeNum=-1
Lanes=1

# Original 998 links:
0 64 1
0 97 1
0 51 1
0 99 1
0 6 1
0 54 1
0 57 1
0 28 1
0 61 1
0 46 1
1 80 1
1 97 1
1 36 1
1 85 1
1 87 1
1 93 1
1 94 1
1 46 1
1 47 1
1 15 1
2 49 1
2 50 1
2 99 1
2 35 1
2 37 1
2 38 1
2 9 1
2 93 1
2 62 1
2 14 1
3 99 1
3 85 1
3 69 1
3 8 1
3 90 1
3 43 1
3 92 1
3 12 1
3 76 1
3 62 1
4 64 1
4 67 1
4 84 1
4 54 1
4 88 1
4 9 1
4 73 1
4 10 1
4 61 1
4 78 1
5 33 1
5 21 1
5 54 1
5 71 1
5 25 1
5 10 1
5 75 1
5 61 1
5 94 1
5 95 1
6 0 1
6 16 1
6 64 1
6 34 1
6 98 1
6 20 1
6 8 1
6 40 1
6 72 1
6 29 1
7 64 1
7 83 1
7 21 1
7 25 1
7 10 1
7 12 1
7 45 1
7 29 1
7 30 1
7 15 1
8 64 1
8 3 1
8 69 1
8 21 1
8 6 1
8 24 1
8 41 1
8 42 1
8 14 1
8 95 1
9 48 1
9 80 1
9 2 1
9 19 1
9 4 1
9 87 1
9 89 1
9 11 1
9 30 1
9 15 1
10 98 1
10 99 1
10 4 1
10 5 1
10 86 1
10 7 1
10 59 1
10 11 1
10 60 1
10 95 1
11 18 1
11 38 1
11 87 1
11 9 1
11 41 1
11 73 1
11 10 1
11 27 1
11 28 1
11 30 1
12 48 1
12 66 1
12 18 1
12 3 1
12 68 1
12 7 1
12 71 1
12 73 1
12 13 1
12 78 1
13 67 1
13 20 1
13 86 1
13 22 1
13 55 1
13 12 1
13 30 1
13 47 1
13 95 1
13 15 1
14 48 1
14 33 1
14 2 1
14 68 1
14 84 1
14 54 1
14 22 1
14 8 1
14 61 1
14 30 1
15 1 1
15 98 1
15 18 1
15 85 1
15 7 1
15 9 1
15 58 1
15 60 1
15 13 1
15 30 1
16 48 1
16 50 1
16 6 1
16 87 1
16 59 1
16 91 1
16 43 1
16 76 1
16 44 1
16 31 1
17 80 1
17 18 1
17 98 1
17 99 1
17 86 1
17 70 1
17 26 1
17 74 1
17 94 1
17 63 1
18 17 1
18 65 1
18 82 1
18 23 1
18 24 1
18 90 1
18 11 1
18 12 1
18 92 1
18 15 1
19 96 1
19 48 1
19 82 1
19 70 1
19 39 1
19 55 1
19 40 1
19 9 1
19 28 1
19 45 1
20 80 1
20 52 1
20 6 1
20 88 1
20 40 1
20 89 1
20 74 1
20 42 1
20 13 1
20 46 1
21 96 1
21 36 1
21 5 1
21 69 1
21 70 1
21 7 1
21 8 1
21 56 1
21 46 1
21 95 1
22 64 1
22 67 1
22 87 1
22 39 1
22 90 1
22 43 1
22 60 1
22 29 1
22 13 1
22 14 1
23 66 1
23 18 1
23 70 1
23 38 1
23 71 1
23 72 1
23 42 1
23 59 1
23 28 1
23 77 1
24 80 1
24 34 1
24 18 1
24 84 1
24 54 1
24 8 1
24 56 1
24 41 1
24 43 1
24 29 1
25 65 1
25 53 1
25 5 1
25 69 1
25 7 1
25 40 1
25 91 1
25 44 1
25 77 1
25 31 1
26 32 1
26 17 1
26 34 1
26 35 1
26 37 1
26 57 1
26 74 1
26 90 1
26 92 1
26 60 1
27 80 1
27 36 1
27 52 1
27 38 1
27 39 1
27 72 1
27 11 1
27 29 1
27 63 1
27 79 1
28 0 1
28 65 1
28 81 1
28 19 1
28 36 1
28 87 1
28 23 1
28 11 1
28 62 1
28 46 1
29 99 1
29 36 1
29 70 1
29 6 1
29 22 1
29 7 1
29 24 1
29 58 1
29 27 1
29 77 1
30 82 1
30 35 1
30 7 1
30 87 1
30 9 1
30 11 1
30 13 1
30 14 1
30 47 1
30 15 1
31 16 1
31 48 1
31 84 1
31 70 1
31 71 1
31 25 1
31 92 1
31 76 1
31 62 1
31 63 1
32 81 1
32 67 1
32 51 1
32 35 1
32 37 1
32 26 1
32 43 1
32 76 1
32 94 1
32 79 1
33 97 1
33 83 1
33 52 1
33 5 1
33 38 1
33 57 1
33 14 1
33 78 1
33 63 1
33 47 1
34 66 1
34 99 1
34 68 1
34 6 1
34 24 1
34 42 1
34 26 1
34 75 1
34 60 1
34 62 1
35 96 1
35 32 1
35 2 1
35 40 1
35 72 1
35 26 1
35 42 1
35 92 1
35 77 1
35 30 1
36 1 1
36 97 1
36 50 1
36 21 1
36 88 1
36 91 1
36 27 1
36 28 1
36 45 1
36 29 1
37 80 1
37 32 1
37 2 1
37 40 1
37 26 1
37 76 1
37 77 1
37 46 1
37 95 1
37 47 1
38 33 1
38 2 1
38 99 1
38 23 1
38 42 1
38 27 1
38 11 1
38 60 1
38 76 1
38 78 1
39 19 1
39 84 1
39 69 1
39 22 1
39 57 1
39 27 1
39 60 1
39 77 1
39 78 1
39 47 1
40 35 1
40 19 1
40 20 1
40 37 1
40 6 1
40 72 1
40 89 1
40 57 1
40 25 1
40 76 1
41 81 1
41 86 1
41 8 1
41 88 1
41 24 1
41 73 1
41 58 1
41 11 1
41 62 1
41 78 1
42 34 1
42 35 1
42 20 1
42 70 1
42 38 1
42 23 1
42 8 1
42 75 1
42 78 1
42 95 1
43 16 1
43 80 1
43 32 1
43 97 1
43 65 1
43 3 1
43 22 1
43 55 1
43 71 1
43 24 1
44 64 1
44 16 1
44 65 1
44 67 1
44 53 1
44 70 1
44 54 1
44 25 1
44 91 1
44 46 1
45 50 1
45 19 1
45 36 1
45 53 1
45 85 1
45 86 1
45 7 1
45 56 1
45 75 1
45 94 1
46 0 1
46 1 1
46 20 1
46 53 1
46 21 1
46 37 1
46 88 1
46 91 1
46 28 1
46 44 1
47 1 1
47 33 1
47 67 1
47 37 1
47 39 1
47 56 1
47 90 1
47 13 1
47 30 1
47 79 1
48 16 1
48 98 1
48 19 1
48 9 1
48 57 1
48 58 1
48 12 1
48 78 1
48 14 1
48 31 1
49 64 1
49 2 1
49 83 1
49 67 1
49 86 1
49 56 1
49 57 1
49 73 1
49 59 1
49 93 1
50 16 1
50 2 1
50 36 1
50 71 1
50 87 1
50 89 1
50 74 1
50 58 1
50 75 1
50 45 1
51 0 1
51 80 1
51 32 1
51 83 1
51 68 1
51 52 1
51 53 1
51 70 1
51 86 1
51 93 1
52 33 1
52 51 1
52 20 1
52 53 1
52 86 1
52 55 1
52 72 1
52 27 1
52 60 1
52 94 1
53 98 1
53 51 1
53 68 1
53 52 1
53 25 1
53 74 1
53 44 1
53 61 1
53 45 1
53 46 1
54 0 1
54 4 1
54 84 1
54 5 1
54 55 1
54 24 1
54 44 1
54 61 1
54 93 1
54 14 1
55 65 1
55 67 1
55 19 1
55 52 1
55 54 1
55 91 1
55 43 1
55 76 1
55 13 1
55 63 1
56 64 1
56 49 1
56 21 1
56 24 1
56 88 1
56 57 1
56 89 1
56 45 1
56 94 1
56 47 1
57 0 1
57 48 1
57 33 1
57 49 1
57 39 1
57 56 1
57 40 1
57 26 1
57 74 1
57 75 1
58 48 1
58 96 1
58 97 1
58 50 1
58 69 1
58 70 1
58 41 1
58 29 1
58 77 1
58 15 1
59 16 1
59 49 1
59 81 1
59 98 1
59 23 1
59 72 1
59 89 1
59 74 1
59 10 1
59 60 1
60 34 1
60 52 1
60 38 1
60 22 1
60 39 1
60 10 1
60 90 1
60 26 1
60 59 1
60 15 1
61 0 1
61 84 1
61 4 1
61 68 1
61 5 1
61 53 1
61 54 1
61 91 1
61 93 1
61 14 1
62 34 1
62 2 1
62 3 1
62 88 1
62 41 1
62 92 1
62 76 1
62 28 1
62 63 1
62 31 1
63 17 1
63 33 1
63 67 1
63 55 1
63 89 1
63 74 1
63 27 1
63 62 1
63 94 1
63 31 1
64 0 1
64 49 1
64 4 1
64 6 1
64 22 1
64 7 1
64 56 1
64 8 1
64 74 1
64 44 1
65 81 1
65 18 1
65 82 1
65 83 1
65 87 1
65 55 1
65 25 1
65 43 1
65 28 1
65 44 1
66 96 1
66 34 1
66 68 1
66 23 1
66 71 1
66 89 1
66 73 1
66 75 1
66 12 1
66 77 1
67 32 1
67 49 1
67 81 1
67 4 1
67 22 1
67 55 1
67 44 1
67 13 1
67 47 1
67 63 1
68 66 1
68 34 1
68 51 1
68 83 1
68 53 1
68 85 1
68 12 1
68 61 1
68 14 1
68 79 1
69 97 1
69 3 1
69 85 1
69 21 1
69 39 1
69 8 1
69 73 1
69 89 1
69 25 1
69 58 1
70 17 1
70 51 1
70 19 1
70 21 1
70 23 1
70 58 1
70 42 1
70 44 1
70 29 1
70 31 1
71 81 1
71 50 1
71 66 1
71 5 1
71 85 1
71 23 1
71 43 1
71 76 1
71 12 1
71 31 1
72 82 1
72 35 1
72 83 1
72 52 1
72 85 1
72 6 1
72 23 1
72 40 1
72 59 1
72 27 1
73 49 1
73 66 1
73 82 1
73 4 1
73 69 1
73 41 1
73 11 1
73 92 1
73 12 1
74 64 1
74 17 1
74 50 1
74 20 1
74 84 1
74 53 1
74 57 1
74 26 1
74 59 1
74 63 1
75 34 1
75 50 1
75 66 1
75 5 1
75 57 1
75 42 1
75 91 1
75 45 1
75 94 1
75 95 1
76 32 1
76 16 1
76 3 1
76 37 1
76 38 1
76 55 1
76 71 1
76 40 1
76 62 1
76 31 1
77 66 1
77 35 1
77 37 1
77 23 1
77 39 1
77 25 1
77 58 1
77 91 1
77 92 1
77 29 1
78 48 1
78 97 1
78 33 1
78 98 1
78 4 1
78 38 1
78 39 1
78 41 1
78 42 1
78 12 1
79 32 1
79 97 1
79 68 1
79 87 1
79 88 1
79 90 1
79 27 1
79 93 1
79 95 1
79 47 1
80 1 1
80 17 1
80 51 1
80 20 1
80 37 1
80 24 1
80 9 1
80 90 1
80 43 1
80 27 1
81 32 1
81 65 1
81 67 1
81 86 1
81 71 1
81 88 1
81 41 1
81 59 1
81 28 1
81 94 1
82 65 1
82 18 1
82 19 1
82 83 1
82 84 1
82 72 1
82 73 1
82 93 1
82 30 1
83 49 1
83 65 1
83 33 1
83 98 1
83 82 1
83 51 1
83 68 1
83 86 1
83 7 1
83 72 1
84 82 1
84 4 1
84 54 1
84 39 1
84 24 1
84 74 1
84 61 1
84 93 1
84 14 1
84 31 1
85 1 1
85 3 1
85 68 1
85 69 1
85 71 1
85 88 1
85 72 1
85 45 1
85 93 1
85 15 1
86 17 1
86 49 1
86 81 1
86 83 1
86 51 1
86 52 1
86 41 1
86 10 1
86 45 1
86 13 1
87 16 1
87 65 1
87 1 1
87 50 1
87 22 1
87 9 1
87 11 1
87 28 1
87 30 1
87 79 1
88 81 1
88 20 1
88 36 1
88 4 1
88 85 1
88 56 1
88 41 1
88 62 1
88 46 1
88 79 1
89 96 1
89 66 1
89 50 1
89 20 1
89 69 1
89 40 1
89 56 1
89 9 1
89 59 1
89 63 1
90 96 1
90 80 1
90 18 1
90 3 1
90 99 1
90 22 1
90 26 1
90 60 1
90 79 1
90 47 1
91 16 1
91 99 1
91 36 1
91 55 1
91 25 1
91 75 1
91 44 1
91 77 1
91 61 1
91 46 1
92 96 1
92 18 1
92 3 1
92 35 1
92 73 1
92 26 1
92 77 1
92 62 1
92 31 1
92 95 1
93 1 1
93 49 1
93 82 1
93 2 1
93 51 1
93 84 1
93 85 1
93 54 1
93 61 1
93 79 1
94 32 1
94 81 1
94 1 1
94 17 1
94 52 1
94 5 1
94 56 1
94 75 1
94 45 1
94 63 1
95 5 1
95 21 1
95 37 1
95 8 1
95 10 1
95 42 1
95 75 1
95 92 1
95 13 1
95 79 1
96 97 1
96 98 1
96 66 1
96 35 1
96 19 1
96 21 1
96 89 1
96 58 1
96 90 1
96 92 1
97 96 1
97 0 1
97 1 1
97 33 1
97 36 1
97 69 1
97 58 1
97 43 1
97 78 1
97 79 1
98 96 1
98 48 1
98 17 1
98 83 1
98 53 1
98 6 1
98 10 1
98 59 1
98 78 1
98 15 1
99 0 1
99 17 1
99 34 1
99 2 1
99 3 1
99 38 1
99 10 1
99 90 1
99 91 1
99 29 1

# Extended 1600 links:
100 0
0 100
101 0
0 101
102 0
0 102
103 0
0 103
104 0
0 104
105 0
0 105
106 0
0 106
107 0
0 107
108 1
1 108
109 1
1 109
110 1
1 110
111 1
1 111
112 1
1 112
113 1
1 113
114 1
1 114
115 1
1 115
116 2
2 116
117 2
2 117
118 2
2 118
119 2
2 119
120 2
2 120
121 2
2 121
122 2
2 122
123 2
2 123
124 3
3 124
125 3
3 125
126 3
3 126
127 3
3 127
128 3
3 128
129 3
3 129
130 3
3 130
131 3
3 131
132 4
4 132
133 4
4 133
134 4
4 134
135 4
4 135
136 4
4 136
137 4
4 137
138 4
4 138
139 4
4 139
140 5
5 140
141 5
5 141
142 5
5 142
143 5
5 143
144 5
5 144
145 5
5 145
146 5
5 146
147 5
5 147
148 6
6 148
149 6
6 149
150 6
6 150
151 6
6 151
152 6
6 152
153 6
6 153
154 6
6 154
155 6
6 155
156 7
7 156
157 7
7 157
158 7
7 158
159 7
7 159
160 7
7 160
161 7
7 161
162 7
7 162
163 7
7 163
164 8
8 164
165 8
8 165
166 8
8 166
167 8
8 167
168 8
8 168
169 8
8 169
170 8
8 170
171 8
8 171
172 9
9 172
173 9
9 173
174 9
9 174
175 9
9 175
176 9
9 176
177 9
9 177
178 9
9 178
179 9
9 179
180 10
10 180
181 10
10 181
182 10
10 182
183 10
10 183
184 10
10 184
185 10
10 185
186 10
10 186
187 10
10 187
188 11
11 188
189 11
11 189
190 11
11 190
191 11
11 191
192 11
11 192
193 11
11 193
194 11
11 194
195 11
11 195
196 12
12 196
197 12
12 197
198 12
12 198
199 12
12 199
200 12
12 200
201 12
12 201
202 12
12 202
203 12
12 203
204 13
13 204
205 13
13 205
206 13
13 206
207 13
13 207
208 13
13 208
209 13
13 209
210 13
13 210
211 13
13 211
212 14
14 212
213 14
14 213
214 14
14 214
215 14
14 215
216 14
14 216
217 14
14 217
218 14
14 218
219 14
14 219
220 15
15 220
221 15
15 221
222 15
15 222
223 15
15 223
224 15
15 224
225 15
15 225
226 15
15 226
227 15
15 227
228 16
16 228
229 16
16 229
230 16
16 230
231 16
16 231
232 16
16 232
233 16
16 233
234 16
16 234
235 16
16 235
236 17
17 236
237 17
17 237
238 17
17 238
239 17
17 239
240 17
17 240
241 17
17 241
242 17
17 242
243 17
17 243
244 18
18 244
245 18
18 245
246 18
18 246
247 18
18 247
248 18
18 248
249 18
18 249
250 18
18 250
251 18
18 251
252 19
19 252
253 19
19 253
254 19
19 254
255 19
19 255
256 19
19 256
257 19
19 257
258 19
19 258
259 19
19 259
260 20
20 260
261 20
20 261
262 20
20 262
263 20
20 263
264 20
20 264
265 20
20 265
266 20
20 266
267 20
20 267
268 21
21 268
269 21
21 269
270 21
21 270
271 21
21 271
272 21
21 272
273 21
21 273
274 21
21 274
275 21
21 275
276 22
22 276
277 22
22 277
278 22
22 278
279 22
22 279
280 22
22 280
281 22
22 281
282 22
22 282
283 22
22 283
284 23
23 284
285 23
23 285
286 23
23 286
287 23
23 287
288 23
23 288
289 23
23 289
290 23
23 290
291 23
23 291
292 24
24 292
293 24
24 293
294 24
24 294
295 24
24 295
296 24
24 296
297 24
24 297
298 24
24 298
299 24
24 299
300 25
25 300
301 25
25 301
302 25
25 302
303 25
25 303
304 25
25 304
305 25
25 305
306 25
25 306
307 25
25 307
308 26
26 308
309 26
26 309
310 26
26 310
311 26
26 311
312 26
26 312
313 26
26 313
314 26
26 314
315 26
26 315
316 27
27 316
317 27
27 317
318 27
27 318
319 27
27 319
320 27
27 320
321 27
27 321
322 27
27 322
323 27
27 323
324 28
28 324
325 28
28 325
326 28
28 326
327 28
28 327
328 28
28 328
329 28
28 329
330 28
28 330
331 28
28 331
332 29
29 332
333 29
29 333
334 29
29 334
335 29
29 335
336 29
29 336
337 29
29 337
338 29
29 338
339 29
29 339
340 30
30 340
341 30
30 341
342 30
30 342
343 30
30 343
344 30
30 344
345 30
30 345
346 30
30 346
347 30
30 347
348 31
31 348
349 31
31 349
350 31
31 350
351 31
31 351
352 31
31 352
353 31
31 353
354 31
31 354
355 31
31 355
356 32
32 356
357 32
32 357
358 32
32 358
359 32
32 359
360 32
32 360
361 32
32 361
362 32
32 362
363 32
32 363
364 33
33 364
365 33
33 365
366 33
33 366
367 33
33 367
368 33
33 368
369 33
33 369
370 33
33 370
371 33
33 371
372 34
34 372
373 34
34 373
374 34
34 374
375 34
34 375
376 34
34 376
377 34
34 377
378 34
34 378
379 34
34 379
380 35
35 380
381 35
35 381
382 35
35 382
383 35
35 383
384 35
35 384
385 35
35 385
386 35
35 386
387 35
35 387
388 36
36 388
389 36
36 389
390 36
36 390
391 36
36 391
392 36
36 392
393 36
36 393
394 36
36 394
395 36
36 395
396 37
37 396
397 37
37 397
398 37
37 398
399 37
37 399
400 37
37 400
401 37
37 401
402 37
37 402
403 37
37 403
404 38
38 404
405 38
38 405
406 38
38 406
407 38
38 407
408 38
38 408
409 38
38 409
410 38
38 410
411 38
38 411
412 39
39 412
413 39
39 413
414 39
39 414
415 39
39 415
416 39
39 416
417 39
39 417
418 39
39 418
419 39
39 419
420 40
40 420
421 40
40 421
422 40
40 422
423 40
40 423
424 40
40 424
425 40
40 425
426 40
40 426
427 40
40 427
428 41
41 428
429 41
41 429
430 41
41 430
431 41
41 431
432 41
41 432
433 41
41 433
434 41
41 434
435 41
41 435
436 42
42 436
437 42
42 437
438 42
42 438
439 42
42 439
440 42
42 440
441 42
42 441
442 42
42 442
443 42
42 443
444 43
43 444
445 43
43 445
446 43
43 446
447 43
43 447
448 43
43 448
449 43
43 449
450 43
43 450
451 43
43 451
452 44
44 452
453 44
44 453
454 44
44 454
455 44
44 455
456 44
44 456
457 44
44 457
458 44
44 458
459 44
44 459
460 45
45 460
461 45
45 461
462 45
45 462
463 45
45 463
464 45
45 464
465 45
45 465
466 45
45 466
467 45
45 467
468 46
46 468
469 46
46 469
470 46
46 470
471 46
46 471
472 46
46 472
473 46
46 473
474 46
46 474
475 46
46 475
476 47
47 476
477 47
47 477
478 47
47 478
479 47
47 479
480 47
47 480
481 47
47 481
482 47
47 482
483 47
47 483
484 48
48 484
485 48
48 485
486 48
48 486
487 48
48 487
488 48
48 488
489 48
48 489
490 48
48 490
491 48
48 491
492 49
49 492
493 49
49 493
494 49
49 494
495 49
49 495
496 49
49 496
497 49
49 497
498 49
49 498
499 49
49 499
500 50
50 500
501 50
50 501
502 50
50 502
503 50
50 503
504 50
50 504
505 50
50 505
506 50
50 506
507 50
50 507
508 51
51 508
509 51
51 509
510 51
51 510
511 51
51 511
512 51
51 512
513 51
51 513
514 51
51 514
515 51
51 515
516 52
52 516
517 52
52 517
518 52
52 518
519 52
52 519
520 52
52 520
521 52
52 521
522 52
52 522
523 52
52 523
524 53
53 524
525 53
53 525
526 53
53 526
527 53
53 527
528 53
53 528
529 53
53 529
530 53
53 530
531 53
53 531
532 54
54 532
533 54
54 533
534 54
54 534
535 54
54 535
536 54
54 536
537 54
54 537
538 54
54 538
539 54
54 539
540 55
55 540
541 55
55 541
542 55
55 542
543 55
55 543
544 55
55 544
545 55
55 545
546 55
55 546
547 55
55 547
548 56
56 548
549 56
56 549
550 56
56 550
551 56
56 551
552 56
56 552
553 56
56 553
554 56
56 554
555 56
56 555
556 57
57 556
557 57
57 557
558 57
57 558
559 57
57 559
560 57
57 560
561 57
57 561
562 57
57 562
563 57
57 563
564 58
58 564
565 58
58 565
566 58
58 566
567 58
58 567
568 58
58 568
569 58
58 569
570 58
58 570
571 58
58 571
572 59
59 572
573 59
59 573
574 59
59 574
575 59
59 575
576 59
59 576
577 59
59 577
578 59
59 578
579 59
59 579
580 60
60 580
581 60
60 581
582 60
60 582
583 60
60 583
584 60
60 584
585 60
60 585
586 60
60 586
587 60
60 587
588 61
61 588
589 61
61 589
590 61
61 590
591 61
61 591
592 61
61 592
593 61
61 593
594 61
61 594
595 61
61 595
596 62
62 596
597 62
62 597
598 62
62 598
599 62
62 599
600 62
62 600
601 62
62 601
602 62
62 602
603 62
62 603
604 63
63 604
605 63
63 605
606 63
63 606
607 63
63 607
608 63
63 608
609 63
63 609
610 63
63 610
611 63
63 611
612 64
64 612
613 64
64 613
614 64
64 614
615 64
64 615
616 64
64 616
617 64
64 617
618 64
64 618
619 64
64 619
620 65
65 620
621 65
65 621
622 65
65 622
623 65
65 623
624 65
65 624
625 65
65 625
626 65
65 626
627 65
65 627
628 66
66 628
629 66
66 629
630 66
66 630
631 66
66 631
632 66
66 632
633 66
66 633
634 66
66 634
635 66
66 635
636 67
67 636
637 67
67 637
638 67
67 638
639 67
67 639
640 67
67 640
641 67
67 641
642 67
67 642
643 67
67 643
644 68
68 644
645 68
68 645
646 68
68 646
647 68
68 647
648 68
68 648
649 68
68 649
650 68
68 650
651 68
68 651
652 69
69 652
653 69
69 653
654 69
69 654
655 69
69 655
656 69
69 656
657 69
69 657
658 69
69 658
659 69
69 659
660 70
70 660
661 70
70 661
662 70
70 662
663 70
70 663
664 70
70 664
665 70
70 665
666 70
70 666
667 70
70 667
668 71
71 668
669 71
71 669
670 71
71 670
671 71
71 671
672 71
71 672
673 71
71 673
674 71
71 674
675 71
71 675
676 72
72 676
677 72
72 677
678 72
72 678
679 72
72 679
680 72
72 680
681 72
72 681
682 72
72 682
683 72
72 683
684 73
73 684
685 73
73 685
686 73
73 686
687 73
73 687
688 73
73 688
689 73
73 689
690 73
73 690
691 73
73 691
692 74
74 692
693 74
74 693
694 74
74 694
695 74
74 695
696 74
74 696
697 74
74 697
698 74
74 698
699 74
74 699
700 75
75 700
701 75
75 701
702 75
75 702
703 75
75 703
704 75
75 704
705 75
75 705
706 75
75 706
707 75
75 707
708 76
76 708
709 76
76 709
710 76
76 710
711 76
76 711
712 76
76 712
713 76
76 713
714 76
76 714
715 76
76 715
716 77
77 716
717 77
77 717
718 77
77 718
719 77
77 719
720 77
77 720
721 77
77 721
722 77
77 722
723 77
77 723
724 78
78 724
725 78
78 725
726 78
78 726
727 78
78 727
728 78
78 728
729 78
78 729
730 78
78 730
731 78
78 731
732 79
79 732
733 79
79 733
734 79
79 734
735 79
79 735
736 79
79 736
737 79
79 737
738 79
79 738
739 79
79 739
740 80
80 740
741 80
80 741
742 80
80 742
743 80
80 743
744 80
80 744
745 80
80 745
746 80
80 746
747 80
80 747
748 81
81 748
749 81
81 749
750 81
81 750
751 81
81 751
752 81
81 752
753 81
81 753
754 81
81 754
755 81
81 755
756 82
82 756
757 82
82 757
758 82
82 758
759 82
82 759
760 82
82 760
761 82
82 761
762 82
82 762
763 82
82 763
764 83
83 764
765 83
83 765
766 83
83 766
767 83
83 767
768 83
83 768
769 83
83 769
770 83
83 770
771 83
83 771
772 84
84 772
773 84
84 773
774 84
84 774
775 84
84 775
776 84
84 776
777 84
84 777
778 84
84 778
779 84
84 779
780 85
85 780
781 85
85 781
782 85
85 782
783 85
85 783
784 85
85 784
785 85
85 785
786 85
85 786
787 85
85 787
788 86
86 788
789 86
86 789
790 86
86 790
791 86
86 791
792 86
86 792
793 86
86 793
794 86
86 794
795 86
86 795
796 87
87 796
797 87
87 797
798 87
87 798
799 87
87 799
800 87
87 800
801 87
87 801
802 87
87 802
803 87
87 803
804 88
88 804
805 88
88 805
806 88
88 806
807 88
88 807
808 88
88 808
809 88
88 809
810 88
88 810
811 88
88 811
812 89
89 812
813 89
89 813
814 89
89 814
815 89
89 815
816 89
89 816
817 89
89 817
818 89
89 818
819 89
89 819
820 90
90 820
821 90
90 821
822 90
90 822
823 90
90 823
824 90
90 824
825 90
90 825
826 90
90 826
827 90
90 827
828 91
91 828
829 91
91 829
830 91
91 830
831 91
91 831
832 91
91 832
833 91
91 833
834 91
91 834
835 91
91 835
836 92
92 836
837 92
92 837
838 92
92 838
839 92
92 839
840 92
92 840
841 92
92 841
842 92
92 842
843 92
92 843
844 93
93 844
845 93
93 845
846 93
93 846
847 93
93 847
848 93
93 848
849 93
93 849
850 93
93 850
851 93
93 851
852 94
94 852
853 94
94 853
854 94
94 854
855 94
94 855
856 94
94 856
857 94
94 857
858 94
94 858
859 94
94 859
860 95
95 860
861 95
95 861
862 95
95 862
863 95
95 863
864 95
95 864
865 95
95 865
866 95
95 866
867 95
95 867
868 96
96 868
869 96
96 869
870 96
96 870
871 96
96 871
872 96
96 872
873 96
96 873
874 96
96 874
875 96
96 875
876 97
97 876
877 97
97 877
878 97
97 878
879 97
97 879
880 97
97 880
881 97
97 881
882 97
97 882
883 97
97 883
884 98
98 884
885 98
98 885
886 98
98 886
887 98
98 887
888 98
98 888
889 98
98 889
890 98
98 890
891 98
98 891
892 99
99 892
893 99
99 893
894 99
99 894
895 99
99 895
896 99
99 896
897 99
99 897
898 99
99 898
899 99
99 899
