I 1
J 1
(2, -1, -1, -1)
(0, -1, 1, 4)
(2, -1, -1, 1)
(2, 1, 3, 2)
(2, -1, 1, -1)
(0, 1, -1, 4)
(2, -1, 1, 1)
(2, 3, 1, 2)
(2, 1, -1, -1)
(2, -3, -1, 2)
(2, 1, -1, 1)
(4, -1, 1, 0)
(2, 1, 1, -1)
(2, -1, -3, 2)
(2, 1, 1, 1)
(4, 1, -1, 0)
generators [matrix([[ 0, -1],
        [ 1,  4]]), matrix([[ 0,  1],
        [-1, -4]]), matrix([[2, 1],
        [3, 2]]), matrix([[ 2, -1],
        [-3, -2]]), matrix([[ 0,  1],
        [-1,  4]]), matrix([[ 0, -1],
        [ 1, -4]]), matrix([[2, 3],
        [1, 2]]), matrix([[ 2, -3],
        [-1, -2]]), matrix([[ 2, -3],
        [-1,  2]]), matrix([[ 2,  3],
        [ 1, -2]]), matrix([[ 4, -1],
        [ 1,  0]]), matrix([[ 4,  1],
        [-1,  0]]), matrix([[ 2, -1],
        [-3,  2]]), matrix([[ 2,  1],
        [ 3, -2]]), matrix([[ 4,  1],
        [-1,  0]]), matrix([[ 4, -1],
        [ 1,  0]])]
(1, 0, 0, 1)
(0, 1, 2, 2)
(1, 1, 2, 0)
(1, 0, 2, 1)
(0, 1, 2, 1)
(1, 1, 1, 2)
(1, 0, 1, 1)
(0, 1, 2, 0)
(1, 1, 0, 1)
(1, 0, 0, 2)
(0, 1, 1, 1)
(1, 1, 1, 0)
(1, 0, 1, 2)
(0, 1, 1, 2)
(1, 1, 2, 1)
(1, 0, 2, 2)
(0, 1, 1, 0)
(1, 1, 0, 2)
(1, 2, 1, 1)
(1, 2, 2, 0)
(1, 2, 0, 2)
(1, 2, 0, 1)
(1, 2, 2, 2)
(1, 2, 1, 0)
24
{(0, 1, 1, 2): set([(1, 1, 0, 2), (1, 2, 2, 0), (1, 0, 0, 2), (1, 2, 1, 1), (0, 1, 1, 1), (0, 1, 2, 1), (0, 1, 1, 0), (1, 1, 1, 2), (1, 2, 0, 1), (0, 1, 2, 0), (1, 0, 1, 2), (1, 1, 2, 1)]), (1, 2, 2, 0): set([(0, 1, 1, 2), (1, 1, 1, 0), (1, 2, 2, 2), (1, 0, 2, 2), (1, 2, 1, 1), (0, 1, 1, 0), (1, 2, 1, 0), (1, 0, 0, 2), (1, 0, 2, 1), (0, 1, 2, 0), (1, 2, 0, 2), (1, 1, 2, 1)]), (1, 0, 0, 2): set([(1, 1, 0, 1), (0, 1, 1, 2), (1, 0, 1, 2), (1, 1, 1, 0), (1, 0, 2, 2), (0, 1, 1, 1), (1, 0, 2, 1), (1, 2, 0, 1), (1, 0, 1, 1), (1, 2, 2, 0), (1, 1, 0, 2), (1, 2, 0, 2)]), (1, 0, 0, 1): set([(1, 1, 0, 1), (1, 0, 1, 1), (1, 0, 1, 2), (1, 0, 2, 2), (1, 0, 2, 1), (0, 1, 2, 1), (1, 1, 2, 0), (1, 2, 1, 0), (0, 1, 2, 2), (1, 2, 0, 1), (1, 1, 0, 2), (1, 2, 0, 2)]), (1, 2, 1, 0): set([(1, 0, 1, 1), (0, 1, 2, 0), (1, 2, 2, 2), (1, 2, 1, 1), (1, 0, 0, 1), (0, 1, 1, 0), (0, 1, 2, 1), (1, 1, 2, 0), (1, 1, 1, 2), (1, 2, 0, 1), (1, 2, 2, 0), (1, 0, 1, 2)]), (0, 1, 2, 2): set([(1, 0, 1, 1), (0, 1, 2, 0), (1, 1, 1, 2), (1, 2, 1, 1), (1, 0, 0, 1), (0, 1, 1, 0), (0, 1, 2, 1), (1, 1, 2, 0), (1, 2, 2, 2), (1, 2, 0, 1), (1, 1, 0, 2), (0, 1, 1, 1)]), (1, 0, 1, 2): set([(0, 1, 1, 2), (1, 1, 1, 0), (1, 0, 0, 2), (1, 0, 2, 2), (1, 1, 2, 1), (1, 0, 0, 1), (0, 1, 1, 0), (1, 2, 1, 0), (1, 1, 1, 2), (1, 0, 2, 1), (1, 2, 0, 2), (1, 2, 1, 1)]), (1, 0, 1, 1): set([(1, 1, 0, 1), (0, 1, 2, 0), (1, 1, 1, 2), (1, 2, 1, 1), (1, 0, 0, 1), (1, 2, 1, 0), (0, 1, 2, 2), (1, 2, 2, 2), (1, 0, 2, 1), (1, 1, 1, 0), (1, 0, 2, 2), (1, 0, 0, 2)]), (0, 1, 1, 1): set([(1, 1, 0, 1), (0, 1, 1, 2), (1, 1, 1, 0), (1, 0, 0, 2), (1, 0, 2, 2), (1, 2, 1, 1), (0, 1, 1, 0), (1, 2, 2, 2), (0, 1, 2, 0), (1, 2, 0, 2), (1, 1, 2, 1), (0, 1, 2, 2)]), (1, 1, 1, 2): set([(1, 0, 1, 1), (0, 1, 1, 2), (1, 0, 1, 2), (1, 1, 1, 0), (1, 0, 2, 1), (0, 1, 2, 1), (1, 1, 2, 0), (1, 2, 1, 0), (0, 1, 2, 2), (1, 2, 0, 1), (1, 1, 0, 2), (1, 1, 0, 1)]), (1, 2, 0, 1): set([(1, 1, 0, 1), (0, 1, 1, 2), (0, 1, 2, 0), (1, 2, 2, 2), (0, 1, 2, 2), (1, 0, 0, 1), (1, 2, 1, 0), (1, 1, 1, 2), (1, 0, 2, 1), (1, 2, 0, 2), (1, 2, 1, 1), (1, 0, 0, 2)]), (1, 1, 0, 2): set([(1, 1, 0, 1), (0, 1, 1, 2), (1, 1, 1, 0), (1, 1, 1, 2), (1, 2, 0, 2), (1, 1, 2, 1), (1, 0, 0, 1), (0, 1, 1, 0), (1, 0, 0, 2), (1, 0, 2, 2), (1, 2, 1, 1), (0, 1, 2, 2)]), (1, 2, 0, 2): set([(1, 1, 0, 2), (1, 2, 2, 0), (1, 0, 0, 2), (1, 2, 1, 1), (0, 1, 1, 1), (0, 1, 2, 1), (1, 0, 0, 1), (0, 1, 1, 0), (1, 2, 2, 2), (1, 2, 0, 1), (1, 0, 1, 2), (1, 1, 2, 1)]), (1, 1, 0, 1): set([(1, 0, 1, 1), (0, 1, 2, 0), (1, 2, 2, 2), (1, 1, 2, 1), (1, 0, 0, 1), (0, 1, 2, 1), (1, 1, 2, 0), (1, 0, 0, 2), (1, 2, 0, 1), (1, 1, 0, 2), (1, 1, 1, 2), (0, 1, 1, 1)]), (0, 1, 2, 0): set([(1, 0, 1, 1), (1, 1, 0, 1), (1, 2, 2, 0), (0, 1, 1, 2), (0, 1, 1, 1), (1, 0, 2, 1), (0, 1, 2, 1), (1, 2, 1, 0), (0, 1, 2, 2), (1, 2, 0, 1), (1, 1, 1, 0), (1, 1, 2, 0)]), (1, 1, 2, 1): set([(1, 1, 0, 1), (0, 1, 1, 2), (1, 1, 0, 2), (1, 2, 2, 0), (1, 2, 0, 2), (0, 1, 1, 1), (0, 1, 2, 1), (1, 1, 2, 0), (1, 0, 2, 1), (1, 1, 1, 0), (1, 0, 1, 2), (1, 0, 2, 2)]), (0, 1, 1, 0): set([(0, 1, 1, 2), (1, 0, 1, 2), (1, 2, 2, 0), (1, 0, 2, 2), (0, 1, 1, 1), (0, 1, 2, 1), (1, 1, 2, 0), (1, 2, 1, 0), (0, 1, 2, 2), (1, 1, 1, 0), (1, 1, 0, 2), (1, 2, 0, 2)]), (1, 2, 2, 2): set([(1, 0, 1, 1), (1, 1, 0, 1), (1, 2, 2, 0), (1, 0, 2, 2), (0, 1, 1, 1), (1, 0, 2, 1), (0, 1, 2, 1), (1, 1, 2, 0), (1, 2, 1, 0), (0, 1, 2, 2), (1, 2, 0, 1), (1, 2, 0, 2)]), (1, 1, 1, 0): set([(1, 0, 1, 1), (1, 0, 1, 2), (1, 2, 2, 0), (1, 1, 1, 2), (0, 1, 1, 1), (1, 1, 2, 0), (0, 1, 1, 0), (1, 0, 0, 2), (1, 1, 2, 1), (0, 1, 2, 0), (1, 1, 0, 2), (1, 2, 1, 1)]), (1, 2, 1, 1): set([(1, 0, 1, 1), (0, 1, 1, 2), (1, 0, 1, 2), (1, 2, 2, 0), (1, 0, 2, 2), (0, 1, 1, 1), (1, 2, 1, 0), (0, 1, 2, 2), (1, 2, 0, 1), (1, 1, 1, 0), (1, 1, 0, 2), (1, 2, 0, 2)]), (0, 1, 2, 1): set([(1, 1, 0, 1), (0, 1, 1, 2), (0, 1, 2, 0), (1, 1, 1, 2), (1, 1, 2, 1), (1, 0, 0, 1), (0, 1, 1, 0), (1, 2, 1, 0), (1, 2, 2, 2), (1, 0, 2, 1), (1, 2, 0, 2), (0, 1, 2, 2)]), (1, 1, 2, 0): set([(1, 1, 0, 1), (1, 1, 1, 0), (0, 1, 2, 2), (1, 1, 2, 1), (1, 0, 0, 1), (0, 1, 1, 0), (1, 2, 1, 0), (1, 2, 2, 2), (1, 0, 2, 1), (0, 1, 2, 0), (1, 0, 2, 2), (1, 1, 1, 2)]), (1, 0, 2, 1): set([(1, 0, 1, 1), (1, 2, 2, 0), (1, 1, 1, 2), (1, 1, 2, 1), (0, 1, 2, 1), (1, 0, 0, 1), (1, 1, 2, 0), (1, 2, 2, 2), (1, 2, 0, 1), (0, 1, 2, 0), (1, 0, 1, 2), (1, 0, 0, 2)]), (1, 0, 2, 2): set([(1, 0, 1, 1), (1, 0, 1, 2), (1, 2, 2, 0), (1, 0, 0, 2), (1, 2, 1, 1), (0, 1, 1, 1), (1, 0, 0, 1), (1, 1, 2, 0), (0, 1, 1, 0), (1, 2, 2, 2), (1, 1, 0, 2), (1, 1, 2, 1)])}
